volume up:
9000 4500 560 1690 560 560 560 1690 560 1690 560 1690 560 1690 560 1690 560 560 560 560 560 1690 560 560 560 560 560 560 560 560 560 560 560 1690 560 1690 560 560 560 1690 560 1690 560 560 560 560 560 560 560 1690 560 560 560 1690 560 560 560 560 560 1690 560 1690 560 1690 560 560 560

volume down:
9000 4500 560 1690 560 560 560 1690 560 1690 560 1690 560 1690 560 1690 560 560 560 560 560 1690 560 560 560 560 560 560 560 560 560 560 560 1690 560 560 560 1690 560 1690 560 1690 560 560 560 560 560 560 560 1690 560 1690 560 560 560 560 560 560 560 1690 560 1690 560 1690 560 560 560

mute:
9000 4500 560 1690 560 560 560 1690 560 1690 560 1690 560 1690 560 1690 560 560 560 560 560 1690 560 560 560 560 560 560 560 560 560 560 560 1690 560 560 560 560 560 1690 560 560 560 1690 560 560 560 560 560 1690 560 1690 560 1690 560 560 560 1690 560 560 560 1690 560 1690 560 560 560

tuner:
9000 4500 560 1690 560 560 560 1690 560 1690 560 1690 560 1690 560 1690 560 560 560 560 560 1690 560 560 560 560 560 560 560 560 560 560 560 1690 560 1690 560 560 560 560 560 1690 560 560 560 560 560 560 560 1690 560 560 560 1690 560 1690 560 560 560 1690 560 1690 560 1690 560 560 560

phono:
9000 4500 560 1690 560 560 560 1690 560 1690 560 1690 560 1690 560 1690 560 560 560 560 560 1690 560 560 560 560 560 560 560 560 560 560 560 1690 560 560 560 560 560 560 560 1690 560 560 560 560 560 560 560 1690 560 1690 560 1690 560 1690 560 560 560 1690 560 1690 560 1690 560 560 560

power:
9000 4500 560 560 560 1690 560 1690 560 1690 560 1690 560 1690 560 1690 560 560 560 1690 560 560 560 560 560 560 560 560 560 560 560 560 560 1690 560 560 560 1690 560 560 560 1690 560 560 560 1690 560 560 560 560 560 560 560 560 560 1690 560 560 560 1690 560 560 560 1690 560 1690 560
