power:
Decoded NEC: 7E81542B (32 bits)
Raw (68): -13242 8850 -4400 600 -550 550 -1650 550 -1650 600 -1600 600 -1600 600 -1600 600 -1600 600 -550 550 -1650 550 -550 600 -500 600 -550 550 -550 600 -500 600 -550 550 -1650 550 -550 600 -1600 600 -500 600 -1650 550 -550 600 -1600 600 -500 600 -550 550 -550 600 -500 600 -1600 600 -550 550 -1650 550 -550 600 -1600 600 -1600 600

volume up:
Decoded NEC: BE41B14E (32 bits)
Raw (68): -32110 8900 -4400 600 -1600 600 -500 600 -1600 600 -1650 550 -1650 550 -1650 550 -1650 550 -550 600 -500 600 -1650 550 -550 550 -550 600 -550 550 -550 600 -500 600 -1600 600 -1600 600 -550 550 -1650 600 -1600 550 -550 600 -550 550 -550 550 -1650 600 -500 600 -1600 600 -550 550 -550 600 -1600 600 -1600 600 -1600 600 -550 550

volume down:
Decoded NEC: BE41718E (32 bits)
Raw (68): 29458 8900 -4400 550 -1650 550 -550 600 -1600 600 -1600 600 -1600 600 -1600 600 -1650 550 -550 600 -500 600 -1600 600 -550 550 -550 550 -550 600 -550 550 -550 600 -1600 600 -500 600 -1600 600 -1600 600 -1650 550 -550 600 -500 600 -550 550 -1650 550 -1650 600 -500 600 -500 600 -550 550 -1650 600 -1600 600 -1600 600 -500 600

mute:
Decoded NEC: BE4129D6 (32 bits)
Raw (68): 14864 8900 -4400 600 -1600 600 -500 600 -1600 600 -1600 600 -1650 550 -1650 550 -1650 550 -550 600 -500 600 -1650 550 -550 600 -500 600 -500 600 -550 550 -550 600 -1600 600 -550 550 -550 600 -1600 600 -500 600 -1600 600 -550 550 -550 600 -1600 600 -1600 600 -1600 600 -550 550 -1650 550 -550 600 -1600 600 -1600 600 -550 550

tuner:
Decoded NEC: BE41916E (32 bits)
Raw (68): 10344 8850 -4400 600 -1600 600 -550 550 -1650 550 -1650 600 -1600 600 -1600 600 -1600 600 -550 550 -550 600 -1600 600 -500 600 -550 550 -550 600 -500 600 -550 550 -1650 550 -1650 550 -550 600 -500 600 -1600 600 -550 550 -550 600 -500 600 -1650 550 -550 600 -1600 600 -1600 600 -500 600 -1600 600 -1650 550 -1650 550 -550 600

phono:
Decoded NEC: BE4111EE (32 bits)
Raw (68): -30410 8900 -4400 600 -1600 600 -500 600 -1600 600 -1600 600 -1650 550 -1650 550 -1650 550 -550 600 -500 600 -1650 550 -550 550 -550 600 -500 600 -550 550 -550 600 -1600 600 -550 550 -550 550 -550 600 -1600 600 -550 550 -550 600 -500 600 -1600 600 -1600 600 -1650 550 -1650 550 -550 600 -1600 600 -1600 600 -1600 600 -550 550

line1:
Decoded NEC: BE4151AE (32 bits)
Raw (68): -11576 8900 -4400 550 -1650 600 -550 550 -1600 600 -1600 600 -1600 600 -1650 550 -1650 550 -600 550 -550 550 -1600 600 -550 550 -600 550 -550 550 -550 550 -550 600 -1600 600 -550 550 -1650 550 -550 550 -1650 600 -550 550 -550 550 -550 600 -1600 600 -1600 600 -550 550 -1650 550 -550 550 -1650 600 -1600 600 -1600 600 -550 550 

line2:
Decoded NEC: BE41D12E (32 bits)
Raw (68): 29948 8850 -4400 600 -1600 600 -550 550 -1650 550 -1650 600 -1600 600 -1600 600 -1600 600 -550 550 -550 600 -1600 600 -550 550 -550 550 -550 600 -550 550 -550 550 -1650 550 -1650 550 -1650 600 -550 550 -1600 600 -550 550 -550 600 -550 550 -1600 600 -550 550 -550 600 -1600 600 -550 550 -1600 600 -1650 550 -1650 550 -550 600 

main direct:
Decoded NEC: BE4103FC (32 bits)
Raw (68): 29752 8850 -4450 550 -1650 550 -550 600 -1600 600 -1600 600 -1600 600 -1600 600 -1600 600 -550 600 -550 550 -1600 600 -550 550 -550 550 -600 550 -550 550 -550 600 -1600 550 -550 600 -550 550 -550 600 -550 550 -550 550 -550 550 -1650 550 -1650 600 -1600 600 -1600 600 -1600 600 -1600 600 -1650 550 -1650 550 -550 600 -550 550 

cd:
Decoded NEC: BE41E11E (32 bits)
Raw (68): -2702 8850 -4400 600 -1600 600 -550 550 -1650 600 -1600 550 -1650 600 -1600 600 -1600 600 -500 600 -550 550 -1650 600 -550 550 -550 550 -550 550 -600 550 -550 550 -1650 550 -1650 550 -1650 550 -1650 600 -550 550 -550 550 -550 550 -600 550 -1600 600 -550 550 -550 600 -550 550 -1600 600 -1600 600 -1650 550 -1650 550 -550 600 

source:
Decoded NEC: 9E61F609 (32 bits)
Raw (68): 1822 8900 -4400 600 -1600 550 -550 600 -500 650 -1550 600 -1650 550 -1650 600 -1600 600 -500 600 -500 600 -1650 550 -1650 600 -500 600 -500 600 -550 600 -500 600 -1600 600 -1600 600 -1600 600 -1600 650 -1550 600 -550 550 -1650 600 -1600 600 -500 600 -550 550 -550 600 -500 600 -550 600 -1600 600 -500 600 -500 600 -1600 600 
